======================================================================
Phase 5: ?ы듃?대━???섏씡瑜?遺꾩꽍
======================================================================

?뱰 [Table I] Size 횞 棺 ?ы듃?대━??(10x10)

  Panel A ???됯퇏 ???섏씡瑜?(%, 1963.07-1990.12):
         棺1    棺2    棺3    棺4    棺5    棺6    棺7    棺8    棺9   棺10   All   H-L
Small  1.47  1.40  1.35  1.63  1.67  1.65  1.37  1.29  1.33  1.24  1.44 -0.23
2      1.26  1.04  1.00  1.48  1.08  1.44  1.00  1.44  1.32  0.85  1.19 -0.42
3      1.17  1.15  1.22  1.31  1.35  1.51  0.94  1.40  0.93  0.98  1.20 -0.20
4      1.16  1.48  1.21  1.25  1.08  1.12  1.31  1.41  1.20  0.80  1.20 -0.36
5      1.23  1.41  0.96  1.05  1.39  1.12  1.16  1.07  1.31  0.69  1.14 -0.54
6      1.01  1.12  1.39  1.34  1.46  0.93  0.57  0.87  0.84  0.61  1.01 -0.40
7      1.29  1.29  1.09  1.12  1.13  0.86  0.99  1.31  1.14  0.91  1.11 -0.38
8      1.22  0.95  1.14  1.27  1.26  1.12  1.01  0.97  1.28  0.56  1.08 -0.66
9      1.11  1.06  0.97  0.92  0.78  1.31  0.86  0.76  0.61  0.47  0.88 -0.64
Big    1.03  0.96  0.72  0.64  0.91  0.62  0.63  1.11  0.72  0.61  0.80 -0.43
All    1.20  1.19  1.10  1.20  1.21  1.17  0.98  1.16  1.07  0.77  1.11 -0.42


?뱰 [Table II] Size 횞 BE/ME ?ы듃?대━???됯퇏 ?섏씡瑜?

  ?됯퇏 ???섏씡瑜?(%, 1963.07-1990.12):
        BM1   BM2   BM3   BM4   BM5   BM6   BM7   BM8   BM9  BM10   All   H-L
Small  0.65  1.15  1.44  1.67  1.23  1.37  1.57  1.54  1.76  1.87  1.42  1.21
2      0.43  0.95  0.92  1.02  1.21  1.25  1.46  1.18  1.50  1.60  1.15  1.18
3      0.57  1.12  1.13  0.91  1.25  1.54  1.28  1.43  1.66  1.37  1.22  0.80
4      0.58  1.29  1.04  1.25  1.32  1.13  1.45  1.62  1.46  1.55  1.27  0.97
5      0.67  1.01  1.54  1.21  1.25  0.91  1.32  1.33  1.49  1.55  1.23  0.88
6      1.13  0.90  1.05  0.96  1.16  1.18  1.23  1.13  1.50  1.45  1.17  0.32
7      0.99  1.00  0.81  1.01  0.88  1.25  1.26  1.42  1.61  1.30  1.15  0.31
8      0.85  1.00  1.01  1.04  1.08  0.96  1.31  1.35  1.28  1.31  1.12  0.45
9      0.60  1.09  0.85  0.93  0.75  0.99  0.92  0.83  1.37  0.93  0.93  0.32
Big    0.96  0.77  0.79  0.57  1.01  1.08  0.88  0.93  0.96  1.21  0.92  0.25
All    0.74  1.03  1.06  1.06  1.11  1.17  1.27  1.28  1.46  1.41  1.16  0.67


?뱰 [Table III] Size 횞 Leverage(A/ME) ?ы듃?대━???됯퇏 ?섏씡瑜?

  ?됯퇏 ???섏씡瑜?(%, 1963.07-1990.12):
       Lev1  Lev2  Lev3  Lev4  Lev5  Lev6  Lev7  Lev8  Lev9  Lev10   All   H-L
Small  0.91  1.13  1.33  1.20  1.36  1.58  1.48  1.54  1.54   1.85  1.39  0.94
2      0.24  1.39  1.01  1.07  1.21  1.34  1.18  0.96  1.36   1.51  1.13  1.28
3      0.94  0.95  1.08  1.28  1.34  1.38  1.50  1.43  1.29   1.25  1.25  0.30
4      0.58  0.96  1.29  1.38  1.23  1.55  1.21  1.23  1.60   1.17  1.22  0.60
5      0.97  0.84  1.15  1.27  1.28  1.28  1.70  0.97  1.25   1.53  1.22  0.55
6      0.83  1.40  1.00  1.05  1.23  1.11  1.03  1.08  1.14   1.75  1.16  0.92
7      1.01  1.11  0.71  0.98  1.18  1.18  1.20  1.22  1.22   1.47  1.13  0.45
8      0.91  0.91  1.03  1.08  1.19  1.02  1.07  1.21  1.36   1.38  1.12  0.46
9      0.61  0.97  0.99  1.02  0.78  1.13  0.93  0.85  0.93   0.72  0.89  0.12
Big    0.93  0.80  0.86  0.94  1.03  0.88  1.01  0.93  1.05   0.40  0.88 -0.53
All    0.79  1.04  1.04  1.13  1.18  1.25  1.23  1.14  1.27   1.30  1.14  0.51


?뱰 [Table IV] Size 횞 E/P ?ы듃?대━???됯퇏 ?섏씡瑜?

  ?됯퇏 ???섏씡瑜?(%, 1963.07-1990.12):
        E<0  E/P 1  E/P 2  E/P 3  E/P 4  E/P 5  E/P 6  E/P 7  E/P 8  E/P 9  E/P 10   All
Small  1.55   1.67   1.54   1.43   1.54   1.40   1.65   1.71   1.38   1.71    1.75  1.57
2      1.21   0.68   0.83   1.39   1.26   1.11   1.52   1.30   1.55   1.40    1.59  1.26
3      0.89   1.05   1.12   0.90   1.05   1.00   1.23   1.44   1.40   1.75    1.31  1.19
4      0.11   0.64   0.98   1.01   1.12   1.36   1.25   1.49   1.61   1.45    1.62  1.15
5      1.59   0.77   0.81   0.94   1.25   1.09   1.17   1.28   1.47   1.71    1.40  1.22
6      0.80   0.79   0.77   0.77   1.07   1.27   1.39   1.06   1.23   1.38    1.40  1.08
7      1.00   0.83   0.81   1.08   0.94   1.06   1.21   1.12   1.44   1.43    1.49  1.13
8      0.76   0.87   0.87   0.83   0.87   1.04   1.32   1.18   1.63   1.29    1.37  1.09
9      1.40   0.81   0.63   0.82   0.87   1.17   0.96   0.84   1.08   1.22    0.88  0.97
Big    1.19   0.97   0.71   0.78   0.85   0.91   0.80   0.95   0.95   1.32    0.93  0.94
All    1.05   0.91   0.91   1.00   1.08   1.14   1.25   1.24   1.37   1.47    1.37  1.16

======================================================================
Phase 6+7: Fama-MacBeth ?〓떒硫??뚭? + ?듦퀎 寃利?
?뱰 ?곗텧臾????쇰Ц Table V, VI
======================================================================

?뱰 [Table V] Fama-MacBeth 14 Models (由ъ뒪???꾨━誘몄뾼 諛?t-?듦퀎??

==============================================================================================================
 Model               棺        ln(ME)     ln(BE/ME)      ln(A/ME)      ln(A/BE)     E/P dummy        E(+)/P      R짼       N
--------------------------------------------------------------------------------------------------------------
    1      0.146( 0.42)                                                                                            0.023   1969
    2                    -0.138(-2.30)                                                                             0.024   1969
    3                                    0.498( 5.13)                                                              0.011   1969
    4                                                                                 0.610( 2.22)   4.051( 4.51)  0.013   1969
    5                                                   0.482( 4.98)  -0.567(-5.07)                                0.014   1969
    6     -0.449(-1.44)  -0.179(-3.30)                                                                             0.037   1969
    7                    -0.098(-1.62)   0.348( 4.11)                                                              0.032   1969
    8     -0.252(-0.87)  -0.121(-2.30)   0.323( 4.38)                                                              0.043   1969
    9     -0.365(-1.22)  -0.183(-3.58)                                                0.094( 0.55)   1.917( 2.86)  0.043   1969
   10     -0.255(-0.88)  -0.127(-2.46)                  0.301( 4.09)  -0.480(-4.66)                                0.045   1969
   11                    -0.114(-2.03)   0.320( 3.82)                                 0.003( 0.02)   1.046( 1.66)  0.037   1969
   12     -0.225(-0.78)  -0.134(-2.70)   0.314( 4.15)                                -0.059(-0.36)   0.523( 0.92)  0.048   1969
   13                    -0.104(-1.75)                  0.328( 3.88)  -0.499(-4.41)                                0.034   1969
   14     -0.220(-0.77)  -0.136(-2.76)   0.250( 4.70)   0.044( 1.11)  -0.206(-3.80)   0.003( 0.02)   0.694( 1.19)  0.050   1969

======================================================================
?뱰 [Table VI] Sub-period Fama-MacBeth ?뚭? (Robustness)

  === 1963.07-1976.12 ===
    Model 2: ln_ME: -0.199% (t=-1.76)
    Model 3: ln_BEME: 0.596% (t=3.47)
    Model 7: ln_ME: -0.140% (t=-1.24), ln_BEME: 0.378% (t=2.78)

  === 1977.01-1990.12 ===
    Model 2: ln_ME: -0.088% (t=-1.53)
    Model 3: ln_BEME: 0.417% (t=3.94)
    Model 7: ln_ME: -0.063% (t=-1.08), ln_BEME: 0.323% (t=3.06)

  === Full: 1963-1990 ===
    Model 2: ln_ME: -0.138% (t=-2.30)
    Model 3: ln_BEME: 0.498% (t=5.13)
    Model 7: ln_ME: -0.098% (t=-1.63), ln_BEME: 0.348% (t=4.12)

======================================================================
[???
  ??06_table5_results.parquet (14 models)

??Phase 5+6+7 ?꾨즺!
